8
3
0.1200000000	1.0050000000	10.120000000	5.0040000000	1.0000000000	2.0000000000	3.0000000000	4.4000000000
0.0004412671	0.0003447438	0.0001717423	0.0001212838	7.307057e-05	0.0001101416	0.0001291617	0.0001881539
0.0003447438	0.0005610782	0.0002894273	0.0001597025	9.752699e-05	0.0001527998	0.0001731213	0.0001805453
0.0001717423	0.0002894273	0.0004235527	0.000230701	8.228191e-05	0.0001016889	0.0001355718	0.0001650709
0.0001212838	0.0001597025	0.000230701	0.0003534999	0.0001190398	0.0001135664	0.0001184306	0.0001908807
7.307057e-05	9.752699e-05	8.228191e-05	0.0001190398	0.0002943442	0.0001877512	0.000108776	0.0001312009
0.0001101416	0.0001527998	0.0001016889	0.0001135664	0.0001877512	0.0003819321	0.0002268196	0.0001820377
0.0001291617	0.0001731213	0.0001355718	0.0001184306	0.000108776	0.0002268196	0.0004117428	0.000317527
0.0001881539	0.0001805453	0.0001650709	0.0001908807	0.0001312009	0.0001820377	0.000317527	0.0006422266
1	0.6928417	0.3972581	0.3070841	0.2027514	0.268292	0.3030191	0.3534421
0.6928416		1	0.5937095	0.358596	0.2399857	0.3300791	0.3601852	0.3007671
0.3972582	0.5937095		1	0.5962125	0.2330359	0.2528289	0.3246404	0.3164993
0.3070841	0.358596	0.5962125		1	0.3690371	0.3090739	0.3104247	0.4006113
0.2027514	0.2399857	0.2330359	0.369037		1	0.5599665	0.3124585	0.3017623
0.268292	0.3300791	0.2528289	0.3090739	0.5599664		1	0.5719717	0.3675566
0.3030191	0.3601852	0.3246404	0.3104247	0.3124585	0.5719717		1	0.617481
0.3534421	0.3007671	0.3164993	0.4006113	0.3017623	0.3675566	0.617481		1
