10
3
0.1200000000	1.0050000000	10.120000000	5.0040000000	1.0000000000	2.0000000000	3.0000000000	4.4000000000	2.3650400000	25.554654112
6.5576816048	0.0797693534	-0.1090353934	-1.3949425131	-1.6887566347	0.6467491998	-1.1194985462	-0.7297267416	-0.0475685048	0.7052552934
0.0797693534	9.8544100227	1.0354181049	-0.038274026	0.1646346702	-0.5905249299	-0.9459808785	-0.7234876112	-2.6474092566	-0.6683425543
-0.1090353934	1.0354181049	5.9962438588	-1.276590925	-0.1967943278	-1.0768442552	0.8804162135	0.0651805666	-0.3056295841	-1.480410727
-1.3949425131	-0.038274026	-1.276590925	8.205193127	-0.0268832762	0.8148536383	-0.4846230698	-0.4167680588	-0.8100866581	-0.1321930148
-1.6887566347	0.1646346702	-0.1967943278	-0.0268832762	9.6784747172	-0.6508280284	0.6727842414	-0.8909818837	0.6691346429	0.2447842427
0.6467491998	-0.5905249299	-1.0768442552	0.8148536383	-0.6508280284	8.7782045537	-2.3174229923	0.1787462126	-0.5660456938	-1.0559972946
-1.1194985462	-0.9459808785	0.8804162135	-0.4846230698	0.6727842414	-2.3174229923	9.372332006	-0.0009025694	2.6556970471	0.1306990447
-0.7297267416	-0.7234876112	0.0651805666	-0.4167680588	-0.8909818837	0.1787462126	-0.0009025694	8.6084594497	1.4111362517	0.4232469658
-0.0475685048	-2.6474092566	-0.3056295841	-0.8100866581	0.6691346429	-0.5660456938	2.6556970471	1.4111362517	9.616800398	0.9783017015
0.7052552934	-0.6683425543	-1.480410727	-0.1321930148	0.2447842427	-1.0559972946	0.1306990447	0.4232469658	0.9783017015	8.554765032
1	0.009923059472	-0.01738812238	-0.1901676953	-0.2119768553	0.08524283567	-0.1427987936	-0.09712306501	-0.005990030536	0.09416015147
0.009923059472	1	0.1346978913	-0.004256419553	0.01685786314	-0.06349215592	-0.09843356432	-0.07855124369	-0.2719508795	-0.07279134718
-0.01738812238	0.1346978913	1	-0.1819984569	-0.02583268054	-0.1484261436	0.1174423022	0.009072265868	-0.04024764244	-0.2066990769
-0.1901676953	-0.004256419553	-0.1819984569	1	-0.00301671533	0.09601351225	-0.05526317699	-0.04958922309	-0.09119515686	-0.0157782946
-0.2119768553	0.01685786314	-0.02583268054	-0.00301671533	1	-0.07060898028	0.07063964665	-0.09761188389	0.06935771136	0.02690146647
0.08524283567	-0.06349215592	-0.1484261436	0.09601351225	-0.07060898028	1	-0.2554927794	0.02056228058	-0.06160746534	-0.1218585243
-0.1427987936	-0.09843356432	0.1174423022	-0.05526317699	0.07063964665	-0.2554927794	1	-0.0001004833381	0.2797302267	0.01459635906
-0.09712306501	-0.07855124369	0.009072265868	-0.04958922309	-0.09761188389	0.02056228058	-0.0001004833381	1	0.1550925472	0.04932045694
-0.005990030536	-0.2719508795	-0.04024764244	-0.09119515686	0.06935771136	-0.06160746534	0.2797302267	0.1550925472	1	0.1078582737
0.09416015147	-0.07279134718	-0.2066990769	-0.0157782946	0.02690146647	-0.1218585243	0.01459635906	0.04932045694	0.1078582737	1

